3.
d)

CASO 1:
-- Entrada ----------------------------------------

3 10 (n orcamento)
8 100
5 70
3 40

-- Saída ------------------------------------------

Maior qtd. de páginas: 110
Tabela:
   0	1	2	3	4	5	6	7	8	9	10	11
0  0	0	0	0	0	0	0	0	0	0	0	0	
1  0	0	0	0	0	0	0	0	100	100	100	0	
2  0	0	0	0	0	70	70	70	100	100	100	0	
3  0	0	0	40	40	70	70	70	110	110	110	0


--#


CASO 2:
-- Entrada ----------------------------------------

6 15 (n orcamento)
2 30
3 50
5 70
4 45
7 90
9 120

-- Saída ------------------------------------------

Maior qtd. de páginas: 210
Tabela:
   0	1	2	3	4	5	6	7	8	9	10	11	12	13	14	15	16
0  0	0	0	0	0	0	0	0	0	0	0	0	0	0	0	0	0	
1  0	0	30	30	30	30	30	30	30	30	30	30	30	30	30	30	0	
2  0	0	30	50	50	80	80	80	80	80	80	80	80	80	80	80	0	
3  0	0	30	50	50	80	80	100	120	120	150	150	150	150	150	150	0	
4  0	0	30	50	50	80	80	100	120	125	150	150	165	165	195	195	0	
5  0	0	30	50	50	80	80	100	120	125	150	150	170	170	195	210	0	
6  0	0	30	50	50	80	80	100	120	125	150	150	170	170	200	210	0


--#


CASO 3:
-- Entrada ----------------------------------------

12 20 (n orcamento)
2 20
3 40
5 55
10 150
9 85
4 60
8 90
7 76
1 10
11 200
6 70
4 55

-- Saída ------------------------------------------

Maior qtd. de páginas: 325
Tabela:
   0	1	2	3	4	5	6	7	8	9	10	11	12	13	14	15	16	17	18	19	20	21
0  0	0	0	0	0	0	0	0	0	0	0	0	0	0	0	0	0	0	0	0	0	0	
1  0	0	20	20	20	20	20	20	20	20	20	20	20	20	20	20	20	20	20	20	20	0	
2  0	0	20	40	40	60	60	60	60	60	60	60	60	60	60	60	60	60	60	60	60	0	
3  0	0	20	40	40	60	60	75	95	95	115	115	115	115	115	115	115	115	115	115	115	0	
4  0	0	20	40	40	60	60	75	95	95	150	150	170	190	190	210	210	225	245	245	265	0	
5  0	0	20	40	40	60	60	75	95	95	150	150	170	190	190	210	210	225	245	245	265	0	
6  0	0	20	40	60	60	80	100	100	120	150	150	170	190	210	210	230	250	250	270	270	0	
7  0	0	20	40	60	60	80	100	100	120	150	150	170	190	210	210	230	250	250	270	270	0	
8  0	0	20	40	60	60	80	100	100	120	150	150	170	190	210	210	230	250	250	270	270	0	
9  0	10	20	40	60	70	80	100	110	120	150	160	170	190	210	220	230	250	260	270	280	0	
10  0	10	20	40	60	70	80	100	110	120	150	200	210	220	240	260	270	280	300	310	320	0	
11  0	10	20	40	60	70	80	100	110	120	150	200	210	220	240	260	270	280	300	310	320	0	
12  0	10	20	40	60	70	80	100	115	125	150	200	210	220	240	260	270	280	300	315	325	0


--#


e) A abordagem recursiva tem complexidadeO(2^n), pois, para cada livro, duas opções serão apresentadas (comprar ou não comprar) e para cada uma dessas, mais duas e assim por diante. Isso faz com que o programa escale muito rapidamente. Esse código é preferível apenas para valores baixos ou para fins didáticos, visto a sua facilidade de compreensão. Já a abordagem com tabulação possui complexidade O(n*orçamento), a qual escala bem menos que a opção recursiva. O maior trunfo dessa estratégia é o armazenamento dos resultados, o que evita recomputações desnecessárias.
